孟大丹 139 33 73510
萱萱妈妈咪👪 1544 105 48630
南城小倩&倩女 1115 99 65765
键盘手🎹阿辉 79 27 3981
铁锅自炖锅中锅！总店 17 0 3485
采蘑菇的小菇凉「泥」 20 0 1089
NONONONO 30 4 1825
海边 一家人 52 4 2827
清娃娃的小表妹ツ 101 11 7742
星烨艺术培训中心 22 0 1395
楼梯-小雯👈 34 17 11135
婊妹儿_🚬 27102 4295 543190
二姐🍒农家小院【食玩】 467 20 20550
可爱艾伦 21 6 1671
卐Chao666666 54 0 2372
自游人战队副队长郭照帅 245 117 41108
傻丫头8619 71 0 2731
活的像个泡椒! 30 15 1635
博博张乐乐 360 49 44656
慧慧huilili 4369 81 161869
年少如梦、我轻狂 70 26 5665
Youmy_ 400 12 16367
E.xiang 518 99 85295
请叫我珊珊Y 512 27 26011
🌬什么佳奇- 49 12 1455
张露露899💜 15 0 989
温暖的阳光6933 30 10 1840
满天星⭐伤不起 23 6 1335
ShaMa阿依 799 122 22945
鑫栋缘 18 12 2425
球球麻麻Timmy💕 37 14 1148
伤帅…遵师徐洋 9033 1223 230458
清娃娃的小表妹ツ 65 20 4652
苏言3月24号周年送a车 672 0 15041
无所依赖🤡 84 3 2559
赵黑黑要很酷🤔 627 122 14805
仙了个颖颖 792 44 18431
丫丫13945533177 42 8 4978
A一个好人❤️ 10 0 602
冰23883 22 4 3355
镜子（求热门） 73 3 5272
抹茶控.🍀 127 19 8888
冰❄️雪 121 31 19716
🤓🤓酸奶它麻麻 45 3 1372
武哥9441 96 22 3796
蒲剧演员✨玉玉 49 18 1775
爱锦鲤、爱生活 62 13 2640
-未挽- 2219 146 99450
长春老冯君子兰 18 12 2341
高原鹰3o1qBV7X 14 3 2300
阿拉斯加哈雷汪 17 3 758
爱情专属权588 14 4 645
禹蛋宝宝 19 0 1036
幸福5ZKwcZKn 17 0 1265
美美英*各种教程 769 0 58825
🐴农村🐴 驴哥🐴 82 6 3018
兮兮爸爸⁶⁶⁶ 39 10 2488
你真好看** 340 54 8311
苏朋_ 346 80 5712
无奈41827 26 0 883
杰克哥哥。 754 113 37159
💋 ^盈盈 89 0 3437
锦鸿吊装强子 31 24 1939
错别字大侠 9 0 539
你的晨哥、 169 89 7444
🌻多多 小妹的日常生活 84 10 2274
青橙。🌸🌸 82 38 3925
篮球🏀砸烂篮板 1181 176 84801
家有萌宝（｡･ω･｡） 33 0 1075
90012夏天 1292 129 20323
社会鸽子 43 13 2580
🌹冰雨^V^有家有爱有舒派 67 0 1972
我Hold不住了047 203 0 8220
惠儿爱编发🍀 960 8 16956
任我行1989 449 66 13757
—赵秀彬 41 0 1899
欢乐小树 69 14 1769
龙72664 43 0 1705
鱿鱼思思丝 258 93 3245
User_1508681303387 33 0 1517
鹏坤桌球俱乐部――雷哥 557 66 64186
183$$$$6633 29 0 2440
可乐麻吃冰❤️ 37 0 1848
痞子 ✨ 伯爵 39 0 2284
གཡང་རྒྱ་མཚོ། 28 3 3422
颖儿☀俊儿 42 25 744
我的名字叫小九🐶 184 0 7754
邳州撒网 25 21 4104
cYVGJXh 43 19 3113
非非非非常美丽之巨兔 95 45 1662
🇨🇳 之巅峰对决 31 16 2951
_____ 无名 9 0 388
🌸嫣嫣🌸 103 44 5708
双胞胎〖糖果〗 31 8 834
👈小春爷👉 85 0 2918
笑红尘287 23 3 754
猫猫（傲家军）3316 35 0 1583
👨小 青 年 22 0 1809
小易赛鸽 164 54 5865
国服仙女♡ 171 37 2762
